>> x4 = expm(4*A)*[4; -3; 8]

x4 =

    0.1641
   -9.6569
   -7.7910